photo1
1
41.6130        419.298
2
32.8846        571.877
3
301.136        573.459
4
303.466        448.644
photo2
1
416.990        476.751
2
416.845        603.122
3
625.477        591.684
4
616.000        477.000
photo3
1
972.658        442.526
2
966.549        573.849
3
1233.98        593.920
4
1238.39        450.852
photo4
1
618.000        571.000
2
618.527        626.406
3
800.349        626.145
4
794.000        512.000
photo5
1
985.475        497.177
2
994.657        619.774
3
1242.27        615.502
4
1226.96        485.555
photo6
1
169.681        526.877
2
159.638        639.244
3
297.553        630.097
4
302.126        509.361
photo7
1
786.738        495.955
2
792.413        618.62
3
1022.000        614.000
4
1014.21        487.764
photo8
1
801.861        429.076
2
806.471        494.516
3
933.142        490.473
4
931.952        420.784
photo9
1
1054.49        421.543
2
1055.90        489.744
3
1202.96        485.487
4
1201.98        411.961
photo10
1
119.311        428.459
2
120.228        500.097
3
260.645        496.579
4
255.861        433.955
