photo1
1
205.561        95.8685
2
203.740        349.018
3
602.932        346.534
4
605.321        102.739
photo2
1
72.3649        89.7925
2
74.3847        330.716
3
452.644        323.481
4
452.886        90.1951
photo3
1
339.823        127.342
2
337.236        290.192
3
597.096        293.281
4
598.000        133.000
photo4
1
47.8910        126.076
2
46.1988        288.606
3
296.951        292.532
4
305.000        131.000
photo
1
427.526        141.381
2
426.668        262.032
3
620.674        263.033
4
620.687        143.248
photo
1
50.2315        142.593
2
49.2619        262.974
3
241.213        263.646
4
243.351        145.197
