lidar1
1
3.992397  0.197294  0.380112
2
4.071686  0.198856  -0.244025
3
4.134937  -0.900755  -0.231765
4
4.090788  -0.891069  0.394655
lidar2
1
4.065855  0.578827  0.438155
2
4.133919  0.587709  -0.175872
3
4.427076  -0.493754  -0.165430
4
4.336335  -0.506617  0.461177
lidar3
1
6.145298  -0.188155  0.470991
2
6.238842  -0.185589  -0.131215
3
6.276832  -1.282486  -0.136657
4
6.253353  -1.283361  0.486221
lidar4
1
6.076873  1.012294  0.509516
2
6.365694  1.100684  -0.117029
3
6.443404  -0.033489  -0.137877
4
6.372591  -0.038665  0.485511
lidar5
1
8.271066  -0.715789  0.556546
2
8.344756  -0.716515  -0.020569
3
8.356190  -1.824835  -0.047925
4
8.328010  -1.820202  0.569499
lidar6
1
8.291300  1.382720  0.562587
2
8.271663  1.380926  -0.045535
3
8.517356  0.363937  -0.047524
4
8.426132  0.358567  0.564213