lidar1
1
3.693663  2.383677  0.384577
2
3.647761  2.355851  -0.146497
3
4.277785  1.578200  -0.184633
4
4.368673  1.605605  0.402870
lidar2
1
4.321961  0.984096  0.186148
2
4.217723  0.958708  -0.316569
3
4.608379  -0.040393  -0.314770
4
4.655281  -0.016325  0.232327
lidar3
1
4.138631  -1.788638  0.364965
2
4.108696  -1.748539  -0.219814
3
3.799656  -2.748964  -0.234647
4
3.864348  -2.814855  0.295771
lidar4
1
4.351288  0.727182  0.131100
2
4.168168  0.802076  -0.618538
3
5.001829  -1.092377  -0.576171
4
5.072754  -1.075294  0.000275
lidar5
1
4.507062  -2.019614  0.108680
2
4.389127  -1.990863  -0.449476
3
4.164730  -3.025880  -0.423684
4
4.217159  -3.025727  0.157423
lidar6
1
5.347447  2.716281  0.024163
2
5.073675  2.675970  -0.549372
3 
4.401407  1.653637  -0.493019
4
4.485733  1.654006  0.092601
lidar7
1
4.395938  -0.932648  0.118084
2
4.246954  -0.924387  -0.450010
3
4.131150  -1.981880  -0.423581
4
4.259555  -1.986840  0.163461
lidar8
1
7.938743  -1.859188  0.896800
2
7.952096  -1.833681  0.303286
3
7.669848  -2.881481  0.352784
4
7.657698  -2.846001  0.898408
lidar9
1
7.248365  -4.905462  0.745155
2
9.977597  -4.912912  0.452484
3
7.673563  -4.072373  0.293844
4
9.969710  -4.901260  0.926107
lidar10
1
7.535350  4.270931  0.738189
2
7.490240  4.277512  0.316351
3
7.948891  3.498118  0.318008
4
8.023347  3.529211  0.746150