lidar1
3
3.906318  -0.625972  -0.006909
lidar2
1
3.846545  0.213100  0.462185
2
3.934965  0.216453  -0.220988
3
3.797626  -0.925437  -0.208318
4
3.771771  -0.919743  0.465201
lidar3
1
3.918192  0.166648  0.207351
2
3.965966  0.144921  -0.478004
3
3.790659  -1.000288  -0.423387
lidar4
1
3.446001  1.732646  0.158828
2
3.402472  1.711398  -0.500981
3
3.787369  0.608246  -0.459471
4
3.785373  0.607339  0.204357
lidar5
1
4.650276  -1.823379  0.274363
2
4.632200  -1.849176  -0.408141
3
4.141257  -2.876074  -0.351473
4
4.157135  -2.855847  0.307977
lidar6
1
3.912831  1.759465  0.155662
2
3.927374  1.739565  -0.471156
3
4.238271  0.654070  -0.470271
4
4.215600  0.651440  0.181922
lidar7
1
7.519265  -1.407186  0.127607
2
7.528852  -1.403550  -0.524679
3
7.080878  -2.389317  -0.510150
4
6.990387  -2.353821  0.192523
lidar8
1
5.290833  0.191649  0.319625
2
5.293965  0.226151  -0.339790
3
5.246665  -0.878649  -0.341430
4
5.191204  -0.904015  0.318465