photo1
3
746.810        531.074
photo2
1
557.682        431.277
2
563.419        576.715
3
819.342        573.685
4
816.959        419.514
photo3
1
569.154        486.139
2
577.000        629.000
3
834.313        624.293
photo4
1
167.025        490.041
2
177.000        659.000
3
475.370        637.892
4
472.267        483.473
photo5
1
938.332        476.419
2
946.000        597.000
3
1204.83        594.131
4
1199.86        456.718
photo6
1
220.883        496.250
2
229.459        645.502
3
486.795        625.684
4
482.657        488.828
photo7
1
763.519        511.894
2
767.493        587.565
3
905.808        582.944
4
901.400        500.232
photo8
1
572.434        477.759
2
574.028        584.397
3
756.000        584.000
4
757.429        473.483
