lidar1
1
2.832073  0.226215  0.145863
2
2.851340  0.226453  -0.183760
4
2.905934  -0.414210  0.173766
lidar2
2
2.846323  0.420721  -0.185295
4
2.867179  -0.210018  0.154714
lidar3
lidar4
lidar5
1
3.313839  0.184236  0.368115
4
3.293552  -0.425697  0.368292
lidar6
1
3.265053  -0.199551  0.363864
2
3.217548  -0.198580  0.028354
4
3.260433  -0.794383  0.371391
lidar7
3
3.317986  -0.597793  -0.394604
lidar8
1
3.328104  0.288237  0.127719
3
3.379171  -0.312960  -0.190519
4
3.402570  -0.315605  0.149153